noise
0.02
0.02
0.04
0.04
0.06
0.06
DataPercentage
0.8
noise
0.02
0.02
0.04
0.04
0.06
0.06
DataPercentage
0.8
0.85
0.9
noise
0.02
0.02
0.04
0.04
0.06
0.06
DataPercentage
0.8
0.85
0.9
noise
0.02
0.02
0.04
0.04
0.06
0.06
DataPercentage
0.8
0.85
0.9
noise
0.02
0.02
0.04
0.04
0.06
0.06
DataPercentage
0.8
0.85
0.9
airmulti 0.10 5 1 100.00 2396.5713 12.5184 2407.0049 0.0000 84.21% 100.00%
airmulti 0.10 5 1 100.00 2375.3245 32.6129 2376.7500 0.0000 78.95% 100.00%
airmulti 0.10 5 1 100.00 2316.1748 19.9772 2318.1331 0.0000 89.47% 100.00%
airmulti 0.10 5 1 100.00 2342.1499 4.8408 2343.4836 0.0000 89.47% 100.00%
airmulti 0.10 5 1 100.00 2174.8477 20.6233 2175.0671 0.0000 84.21% 100.00%
airmulti 0.10 5 2 100.00 2054.1021 11.1070 2054.3047 0.0000 89.47% 100.00%
airmulti 0.10 5 2 100.00 1755.2394 15.3849 1759.4424 0.0000 89.47% 100.00%
airmulti 0.10 5 2 100.00 1839.2125 18.0666 1844.0895 0.0000 89.47% 100.00%
airmulti 0.10 5 2 100.00 1765.1791 6.0416 1765.6694 0.0000 89.47% 100.00%
airmulti 0.10 5 2 100.00 1663.4644 15.5946 1662.8281 0.0000 68.42% 100.00%
airmulti 0.10 5 3 100.00 1646.5409 10.6490 1646.7354 0.0000 89.47% 100.00%
airmulti 0.10 5 3 100.00 1477.9086 38.2510 1477.9720 0.0000 68.42% 100.00%
airmulti 0.10 5 3 100.00 1473.1901 23.5957 1472.1930 0.0000 78.95% 100.00%
airmulti 0.10 5 3 100.00 1547.5667 22.7400 1545.9230 0.0000 89.47% 100.00%
airmulti 0.10 5 3 100.00 1511.2130 9.2508 1511.8091 0.0000 84.21% 100.00%
airmulti 0.10 5 4 100.00 1486.2368 9.2954 1486.0938 0.0000 89.47% 100.00%
airmulti 0.10 5 1 100.00 2396.5713 12.5184 2407.0049 0.0000 84.21% 100.00%
airmulti 0.10 5 1 100.00 2375.3245 32.6129 2376.7500 0.0000 78.95% 100.00%
airmulti 0.10 5 1 100.00 2316.1748 19.9772 2318.1331 0.0000 89.47% 100.00%
airmulti 0.10 5 1 100.00 2342.1499 4.8408 2343.4836 0.0000 89.47% 100.00%
airmulti 0.10 5 1 100.00 2174.8477 20.6233 2175.0671 0.0000 84.21% 100.00%
airmulti 0.10 5 2 100.00 2054.1021 11.1070 2054.3047 0.0000 89.47% 100.00%
airmulti 0.10 5 2 100.00 1755.2394 15.3849 1759.4424 0.0000 89.47% 100.00%
airmulti 0.10 5 2 100.00 1839.2125 18.0666 1844.0895 0.0000 89.47% 100.00%
airmulti 0.10 5 2 100.00 1765.1791 6.0416 1765.6694 0.0000 89.47% 100.00%
airmulti 0.10 5 2 100.00 1663.4644 15.5946 1662.8281 0.0000 68.42% 100.00%
airmulti 0.10 5 3 100.00 1646.5409 10.6490 1646.7354 0.0000 89.47% 100.00%
airmulti 0.10 5 3 100.00 1477.9086 38.2510 1477.9720 0.0000 68.42% 100.00%
airmulti 0.10 5 3 100.00 1473.1901 23.5957 1472.1930 0.0000 78.95% 100.00%
airmulti 0.10 5 3 100.00 1547.5667 22.7400 1545.9230 0.0000 89.47% 100.00%
airmulti 0.10 5 3 100.00 1511.2130 9.2508 1511.8091 0.0000 84.21% 100.00%
airmulti 0.10 5 4 100.00 1486.2368 9.2954 1486.0938 0.0000 89.47% 100.00%
airmulti 0.10 5 4 100.00 1313.9602 6.5363 1313.6737 0.0000 94.74% 100.00%
airmulti 0.10 5 4 100.00 1604.3533 44.6673 1604.1354 0.0000 84.21% 100.00%
airmulti 0.10 5 4 100.00 1215.5594 20.7038 1217.1858 0.0000 94.74% 100.00%
airmulti 0.10 5 4 100.00 1457.9683 2.3491 1458.0771 0.0000 84.21% 100.00%
airmulti 0.10 5 5 100.00 2086.9358 12.5838 2086.7646 0.0000 84.21% 100.00%
airmulti 0.10 5 5 100.00 1985.2924 4.1339 1985.5698 0.0000 94.74% 100.00%
airmulti 0.10 5 5 100.00 2037.9695 35.1929 2037.5737 0.0000 52.63% 100.00%
airmulti 0.10 5 5 100.00 1993.0719 30.9206 1994.1244 0.0000 78.95% 100.00%
airmulti 0.10 5 5 100.00 2011.4818 24.7755 2010.7131 0.0000 78.95% 100.00%
airmulti 0.10 5 1 100.00 2763.8423 54.8048 2763.1477 0.0000 78.95% 100.00%
airmulti 0.10 5 1 100.00 3130.3267 27.1614 3119.5544 0.0000 73.68% 100.00%
airmulti 0.10 5 1 100.00 2815.2307 45.8729 2814.1460 0.0000 84.21% 100.00%
airmulti 0.10 5 1 100.00 2593.2888 14.4014 2594.5139 0.0000 89.47% 100.00%
airmulti 0.10 5 1 100.00 2578.5920 23.3611 2578.5071 0.0000 78.95% 100.00%
airmulti 0.10 5 2 100.00 2295.3784 7.5395 2296.2754 0.0000 84.21% 100.00%
airmulti 0.10 5 2 100.00 2240.1807 34.2554 2246.9810 0.0000 78.95% 100.00%
airmulti 0.10 5 2 100.00 2462.0220 8.7285 2461.7041 0.0000 78.95% 100.00%
airmulti 0.10 5 2 100.00 2611.5217 47.8875 2615.0286 0.0000 68.42% 100.00%
airmulti 0.10 5 2 100.00 2395.2805 23.9018 2394.6160 0.0000 73.68% 100.00%
airmulti 0.10 5 3 100.00 1711.9636 3.3838 1711.9531 0.0000 94.74% 100.00%
airmulti 0.10 5 3 100.00 1772.6595 24.9914 1772.4427 0.0000 73.68% 100.00%
airmulti 0.10 5 3 100.00 1594.1613 9.4123 1593.8412 0.0000 94.74% 100.00%
airmulti 0.10 5 3 100.00 1784.7428 59.1779 1785.0752 0.0000 73.68% 100.00%
airmulti 0.10 5 3 100.00 1904.8602 37.6803 1903.4053 0.0000 68.42% 100.00%
airmulti 0.10 5 4 100.00 2406.3281 60.7851 2405.4092 0.0000 73.68% 100.00%
airmulti 0.10 5 4 100.00 2556.8818 55.2420 2557.3435 0.0000 63.16% 100.00%
airmulti 0.10 5 4 100.00 2145.2612 18.7158 2142.7068 0.0000 73.68% 100.00%
airmulti 0.10 5 4 100.00 2322.3481 20.8688 2322.0767 0.0000 84.21% 100.00%
airmulti 0.10 5 4 100.00 2268.9099 35.3933 2268.1465 0.0000 73.68% 100.00%
airmulti 0.10 5 5 100.00 1982.0688 51.3548 1977.9861 0.0000 63.16% 100.00%
airmulti 0.10 5 5 100.00 2220.7319 9.4542 2220.2485 0.0000 78.95% 100.00%
airmulti 0.10 5 5 100.00 2055.8679 26.7394 2056.4336 0.0000 52.63% 100.00%
airmulti 0.10 5 5 100.00 2128.1819 26.8095 2128.3682 0.0000 73.68% 100.00%
airmulti 0.10 5 5 100.00 2089.1321 47.6369 2089.0364 0.0000 73.68% 100.00%
airmulti 0.10 5 1 100.00 3055.3770 28.5424 3056.4978 0.0000 84.21% 100.00%
airmulti 0.10 5 1 100.00 2716.4412 14.8077 2717.2671 0.0000 78.95% 100.00%
airmulti 0.10 5 1 100.00 3082.0872 5.6839 3082.2095 0.0000 89.47% 100.00%
airmulti 0.10 5 1 100.00 3013.6409 34.3795 3015.7944 0.0000 73.68% 100.00%
airmulti 0.10 5 1 100.00 3156.8215 12.6441 3157.3010 0.0000 84.21% 100.00%
airmulti 0.10 5 2 100.00 2471.1123 29.4666 2470.9722 0.0000 89.47% 100.00%
airmulti 0.10 5 2 100.00 2584.1377 61.5834 2579.0327 0.0000 68.42% 100.00%
airmulti 0.10 5 2 100.00 2507.9744 45.4792 2508.3032 0.0000 63.16% 100.00%
airmulti 0.10 5 2 100.00 2472.6997 42.7707 2472.2671 0.0000 78.95% 100.00%
airmulti 0.10 5 2 100.00 2935.8604 33.0383 2936.8950 0.0000 73.68% 100.00%
airmulti 0.10 5 3 100.00 1884.6361 26.6851 1884.2668 0.0000 89.47% 100.00%
airmulti 0.10 5 3 100.00 2058.2676 34.2740 2058.0640 0.0000 68.42% 100.00%
airmulti 0.10 5 3 100.00 1805.9791 38.6199 1803.7828 0.0000 73.68% 100.00%
airmulti 0.10 5 3 100.00 2116.4521 42.5782 2116.3777 0.0000 68.42% 100.00%
airmulti 0.10 5 3 100.00 1765.0065 5.5446 1764.9673 0.0000 89.47% 100.00%
airmulti 0.10 5 4 100.00 2413.8518 34.8234 2413.5627 0.0000 68.42% 100.00%
airmulti 0.10 5 4 100.00 2281.5305 0.0000 2281.5305 0.0000 100.00% 100.00%
airmulti 0.10 5 4 100.00 2260.8257 0.0000 2260.8257 0.0000 100.00% 100.00%
airmulti 0.10 5 4 100.00 2546.7842 17.9933 2546.3333 0.0000 84.21% 100.00%
airmulti 0.10 5 4 100.00 2416.8799 13.7189 2416.5754 0.0000 78.95% 100.00%
airmulti 0.10 5 5 100.00 2055.5166 26.5450 2056.1282 0.0000 73.68% 100.00%
airmulti 0.10 5 5 100.00 2038.8785 20.1586 2038.5490 0.0000 78.95% 100.00%
airmulti 0.10 5 5 100.00 1956.2130 28.6566 1955.9183 0.0000 78.95% 100.00%
airmulti 0.10 5 5 100.00 2012.0964 19.7274 2010.7446 0.0000 84.21% 100.00%
airmulti 0.10 5 5 100.00 2226.1243 15.8954 2226.2761 0.0000 78.95% 100.00%
airmulti 0.10 5 1 100.00 3248.9656 39.7727 3247.7732 0.0000 68.42% 100.00%
airmulti 0.10 5 1 100.00 2779.5088 9.3835 2779.5217 0.0000 89.47% 100.00%
airmulti 0.10 5 1 100.00 2687.5527 13.2036 2688.0190 0.0000 78.95% 100.00%
airmulti 0.10 5 1 100.00 3104.9824 23.5337 3104.0930 0.0000 78.95% 100.00%
airmulti 0.10 5 1 100.00 2953.7002 21.5397 2952.8989 0.0000 84.21% 100.00%
airmulti 0.10 5 2 100.00 2963.1467 24.8275 2963.7148 0.0000 63.16% 100.00%
airmulti 0.10 5 2 100.00 3274.5576 32.6099 3274.4841 0.0000 68.42% 100.00%
airmulti 0.10 5 2 100.00 3098.3496 45.0736 3098.2378 0.0000 68.42% 100.00%
airmulti 0.10 5 2 100.00 2928.2134 31.4075 2928.1294 0.0000 78.95% 100.00%
airmulti 0.10 5 2 100.00 3146.2947 52.7036 3145.1169 0.0000 57.89% 100.00%
airmulti 0.10 5 3 100.00 2191.6003 12.2459 2191.2625 0.0000 78.95% 100.00%
airmulti 0.10 5 3 100.00 2184.0508 58.3263 2175.5554 0.0000 57.89% 100.00%
airmulti 0.10 5 3 100.00 2245.0017 29.1337 2242.1892 0.0000 78.95% 100.00%
airmulti 0.10 5 3 100.00 1904.5510 13.1721 1904.4338 0.0000 84.21% 100.00%
airmulti 0.10 5 3 100.00 2171.1555 25.4854 2170.6064 0.0000 63.16% 100.00%
airmulti 0.10 5 4 100.00 2389.8577 10.8718 2389.8196 0.0000 78.95% 100.00%
airmulti 0.10 5 4 100.00 2289.2412 37.2386 2288.1177 0.0000 73.68% 100.00%
airmulti 0.10 5 4 100.00 2243.3052 15.6303 2243.4011 0.0000 68.42% 100.00%
airmulti 0.10 5 4 100.00 2383.7625 3.9951 2383.6963 0.0000 89.47% 100.00%
airmulti 0.10 5 4 100.00 2499.2798 84.0339 2499.0239 0.0000 47.37% 100.00%
airmulti 0.10 5 5 100.00 2306.1113 29.0159 2306.4478 0.0000 78.95% 100.00%
airmulti 0.10 5 5 100.00 2208.0906 23.8216 2208.2886 0.0000 68.42% 100.00%
airmulti 0.10 5 5 100.00 2219.4277 14.5993 2219.6204 0.0000 84.21% 100.00%
airmulti 0.10 5 5 100.00 2340.6318 15.7065 2340.8176 0.0000 78.95% 100.00%
airmulti 0.10 5 5 100.00 2358.6514 51.3200 2358.9841 0.0000 63.16% 100.00%
airmulti 0.10 5 1 0.00 2348.6689 336.0980 2453.6123 0.0000 57.89% 100.00%
airmulti 0.10 5 1 0.00 2022.2920 379.5087 2119.3135 0.0000 36.84% 100.00%
airmulti 0.10 5 1 0.00 1979.7738 492.5660 2128.7490 0.0000 36.84% 100.00%
airmulti 0.10 5 1 0.00 2493.0574 311.3530 2494.8279 0.0000 42.11% 100.00%
airmulti 0.10 5 1 0.00 2411.3462 471.0001 2418.1616 0.0000 31.58% 100.00%
airmulti 0.10 5 2 0.00 1851.6436 364.0582 1873.0332 0.0000 52.63% 100.00%
airmulti 0.10 5 2 0.00 1578.0065 413.7677 1636.7335 0.0000 31.58% 100.00%
airmulti 0.10 5 2 0.00 1989.6412 369.0024 2021.4835 0.0000 42.11% 100.00%
airmulti 0.10 5 2 0.00 1728.2133 367.8955 1815.1240 0.0000 42.11% 100.00%
airmulti 0.10 5 2 0.00 1943.4698 325.1570 1999.8151 0.0000 36.84% 100.00%
airmulti 0.10 5 3 0.00 1502.6340 270.1353 1492.8350 0.0000 36.84% 100.00%
airmulti 0.10 5 3 0.00 1560.7839 450.8017 1525.6625 0.0000 10.53% 100.00%
airmulti 0.10 5 3 0.00 1609.0068 267.0761 1579.4524 0.0000 42.11% 100.00%
airmulti 0.10 5 3 0.00 1687.5851 312.1677 1620.8611 0.0000 42.11% 100.00%
airmulti 0.10 5 3 0.00 1656.9630 407.6947 1648.3926 0.0000 36.84% 100.00%
airmulti 0.10 5 4 0.00 1510.9387 328.4228 1447.0782 0.0000 31.58% 100.00%
airmulti 0.10 5 4 0.00 1298.4890 233.8568 1267.0673 0.0000 57.89% 100.00%
airmulti 0.10 5 4 0.00 1663.8065 342.1749 1571.0057 0.0000 47.37% 100.00%
airmulti 0.10 5 4 0.00 1496.7468 266.5788 1458.9006 0.0000 26.32% 100.00%
airmulti 0.10 5 4 0.00 1225.6887 221.8201 1192.2671 0.0000 42.11% 100.00%
airmulti 0.10 5 5 0.00 2197.1238 439.2704 2097.1697 0.0000 31.58% 100.00%
airmulti 0.10 5 5 0.00 2036.3046 467.3421 2024.1592 0.0000 21.05% 100.00%
airmulti 0.10 5 5 0.00 2171.2827 365.3734 2163.3518 0.0000 21.05% 100.00%
airmulti 0.10 5 5 0.00 2151.0935 337.9407 2153.6360 0.0000 21.05% 100.00%
airmulti 0.10 5 5 0.00 2099.3918 441.3900 2039.4149 0.0000 36.84% 100.00%
airmulti 0.10 5 1 0.00 2811.4565 461.6268 2866.0442 0.0000 26.32% 100.00%
airmulti 0.10 5 1 0.00 2829.5337 333.0426 2769.8789 0.0000 47.37% 100.00%
airmulti 0.10 5 1 0.00 3040.7603 581.0513 3014.4382 0.0000 21.05% 100.00%
airmulti 0.10 5 1 0.00 2744.4895 427.1746 2805.6770 0.0000 31.58% 100.00%
airmulti 0.10 5 1 0.00 2656.1729 360.6585 2650.7920 0.0000 36.84% 100.00%
airmulti 0.10 5 2 0.00 2326.4219 257.9147 2323.0845 0.0000 42.11% 100.00%
airmulti 0.10 5 2 0.00 2335.0640 378.8420 2380.3403 0.0000 31.58% 100.00%
airmulti 0.10 5 2 0.00 2675.5491 367.3676 2619.8245 0.0000 36.84% 100.00%
airmulti 0.10 5 2 0.00 2442.2581 454.7921 2441.2158 0.0000 21.05% 100.00%
airmulti 0.10 5 2 0.00 2493.4558 468.6436 2465.4954 0.0000 31.58% 100.00%
airmulti 0.10 5 3 0.00 1869.3875 379.6672 1831.3691 0.0000 21.05% 100.00%
airmulti 0.10 5 3 0.00 1975.8876 373.2403 1892.6570 0.0000 52.63% 100.00%
airmulti 0.10 5 3 0.00 2086.3792 493.5191 1969.1880 0.0000 26.32% 100.00%
airmulti 0.10 5 3 0.00 1916.6263 372.2393 1855.2395 0.0000 15.79% 100.00%
airmulti 0.10 5 3 0.00 2308.8999 564.2089 2184.6177 0.0000 26.32% 100.00%
airmulti 0.10 5 4 0.00 2704.8254 335.9092 2620.8323 0.0000 31.58% 100.00%
airmulti 0.10 5 4 0.00 2549.7783 337.6801 2487.8213 0.0000 31.58% 100.00%
airmulti 0.10 5 4 0.00 2406.1772 380.0237 2327.6382 0.0000 31.58% 100.00%
airmulti 0.10 5 4 0.00 2702.0547 400.1938 2572.4917 0.0000 31.58% 100.00%
airmulti 0.10 5 4 0.00 2555.0679 349.8203 2450.9180 0.0000 21.05% 100.00%
airmulti 0.10 5 5 0.00 2132.0383 531.2992 2056.1321 0.0000 36.84% 100.00%
airmulti 0.10 5 5 0.00 2421.6323 568.2996 2317.2690 0.0000 5.26% 100.00%
airmulti 0.10 5 5 0.00 2527.7175 505.3252 2515.4426 0.0000 26.32% 100.00%
airmulti 0.10 5 5 0.00 1960.3319 469.8573 1933.3910 0.0000 15.79% 100.00%
airmulti 0.10 5 5 0.00 2394.2769 582.6577 2289.2256 0.0000 15.79% 100.00%
airmulti 0.10 5 1 0.00 3241.5247 446.6049 3160.8328 0.0000 36.84% 100.00%
airmulti 0.10 5 1 0.00 3174.2104 428.2292 3134.5688 0.0000 10.53% 100.00%
airmulti 0.10 5 1 0.00 2813.9514 570.4538 2757.1409 0.0000 15.79% 100.00%
airmulti 0.00 5 32 1.00 3240.0510 0.0000 3240.0510 0.0000 100.00% 100.00%
airmulti 0.00 5 32 1.00 3240.0510 0.0000 3240.0510 0.0000 100.00% 100.00%
airmulti 0.00 5 32 1.00 3240.0510 0.0000 3240.0510 0.0000 100.00% 100.00%
airmulti 0.00 5 32 1.00 2884.8530 0.0000 2884.8530 0.0000 100.00% 100.00%
airmulti 0.00 5 32 1.00 2884.8530 0.0000 2884.8530 0.0000 100.00% 100.00%
airmulti 0.00 5 32 1.00 2884.8530 0.0000 2884.8530 0.0000 100.00% 100.00%
airmulti 0.00 5 32 1.00 2884.8530 0.0000 2884.8530 0.0000 100.00% 100.00%
airmulti 0.00 5 32 1.00 2884.8530 0.0000 2884.8530 0.0000 100.00% 100.00%
airmulti 0.00 5 32 1.00 2884.8530 0.0000 2884.8530 0.0000 100.00% 100.00%
airmulti 0.00 5 32 1.00 2884.8530 0.0000 2884.8530 0.0000 100.00% 100.00%
airmulti 0.10 5 32 100.00 3172.4666 173.8667 3172.6250 0.0000 71.82% 100.00%
airmulti 0.10 5 32 100.00 3172.4666 173.8667 3172.6250 0.0000 71.82% 100.00%
airmulti 0.10 5 32 100.00 2947.7922 102.2650 2948.3821 0.0000 83.64% 100.00%
airmulti 0.10 5 32 100.00 3001.9331 98.2899 3001.8315 0.0000 80.00% 100.00%
airmulti 0.10 5 32 100.00 3001.9331 98.2899 3001.8315 0.0000 80.00% 100.00%
airmulti 0.10 5 32 100.00 3001.9331 98.2899 3001.8315 0.0000 80.00% 100.00%
airmulti 0.10 5 32 100.00 3001.9331 98.2899 3001.8315 0.0000 80.00% 100.00%
airmulti 0.10 5 32 100.00 15009.6655 491.4497 15009.1577 0.0000 80.00% 100.00%
airmulti 0.10 5 32 100.00 3001.9331 98.2899 3001.8315 0.0000 80.00% 100.00%
airmulti 0.10 5 32 100.00 3001.9331 98.2899 3001.8315 0.0000 80.00% 100.00%
airmulti 0.10 5 32 100.00 3001.9331 98.2899 3001.8315 0.0000 80.00% 100.00%
airmulti 0.10 5 32 100.00 3001.9331 98.2899 3001.8315 0.0000 80.00% 100.00%
airmulti 0.10 5 32 100.00 3001.9331 98.2899 3001.8315 0.0000 80.00% 100.00%
airmulti 0.10 5 32 100.00 3001.9331 98.2899 3001.8315 0.0000 80.00% 100.00%
airmulti 0.10 5 32 100.00 3001.9331 98.2899 3001.8315 0.0000 80.00% 100.00%
airmulti 0.10 5 32 100.00 3001.9331 98.2899 3001.8315 0.0000 80.00% 100.00%
airmulti 0.10 5 32 100.00 3001.9331 98.2899 3001.8315 0.0000 80.00% 100.00%
airmulti 0.10 5 32 100.00 3001.9331 98.2899 3001.8315 0.0000 80.00% 100.00%
airmulti 0.10 5 32 100.00 3001.9331 98.2899 3001.8315 0.0000 80.00% 100.00%
airmulti 0.10 5 32 10.00 3005.4397 406.5616 3006.0728 0.0000 58.18% 100.00%
airmulti 0.10 5 32 1.00 3086.1433 1801.5204 3067.6086 0.0000 47.27% 100.00%
airmulti 0.10 5 32 1.00 3086.1433 1801.5204 3067.6086 0.0000 47.27% 100.00%
