airpde 0.00 5 32 1.00 1349172.3594 0.0000 1349172.3594 0.0000 100.00% 100.00%
airpde 0.10 5 32 100.00 216069.7051 10852.3902 220381.5586 0.0000 0.00% 100.00%
airpde 0.10 5 32 100.00 216069.7051 10852.3902 220381.5586 0.0000 0.00% 100.00%
airpde 0.10 5 32 100.00 216069.7051 10852.3902 220381.5586 0.0000 0.00% 100.00%
airpde 0.10 5 32 100.00 216069.7051 10852.3902 220381.5586 0.0000 0.00% 100.00%
airpde 0.10 5 32 100.00 216069.7051 10852.3902 220381.5586 0.0000 0.00% 100.00%
airpde 0.10 5 32 100.00 1438960.2812 0.0000 1438960.2812 0.0000 100.00% 100.00%
airpde 0.10 5 32 100.00 59121.2603 88.7970 59121.0952 0.0000 0.00% 100.00%
airpde 0.10 5 32 100.00 101919.4717 88.7970 101918.8125 0.0000 0.00% 100.00%
airpde 0.10 5 32 100.00 101913.3740 96.4668 101912.6084 0.0000 0.00% 100.00%
airpde 0.10 5 32 100.00 101913.3740 96.4668 101912.6084 0.0000 0.00% 100.00%
airpde 0.10 5 32 100.00 101913.3740 96.4668 101912.6084 0.0000 0.00% 100.00%
airpde 0.10 5 32 100.00 101913.3740 96.4668 101912.6084 0.0000 0.00% 100.00%
airpde 0.10 5 32 100.00 101913.3740 96.4668 101912.6084 0.0000 0.00% 100.00%
airpde 0.10 5 32 10.00 101895.4375 118.8494 101894.6738 0.0000 0.00% 100.00%
airpde 0.10 5 32 1.00 101919.5127 2.4803 101919.5078 0.0000 60.86% 100.00%
airpde 0.10 5 32 0.10 101939.8721 23.1986 101939.8418 0.0000 0.00% 100.00%
airpde 0.10 5 32 0.00 101940.1885 38.6718 101940.1250 0.0000 0.00% 100.00%
airpde 0.10 5 32 0.00 101940.2012 40.0709 101940.1377 0.0000 0.00% 100.00%
airpde 0.10 5 32 1.00 101919.5127 2.4803 101919.5078 0.0000 60.86% 100.00%
airpde 0.01 5 32 1.00 101938.7939 139.0433 101934.6475 0.0000 0.00% 100.00%
airpde 0.05 5 32 1.00 101888.2285 269.1133 101880.2295 0.0000 0.00% 100.00%
airpde 0.05 5 32 1.00 101888.2285 269.1133 101880.2295 0.0000 0.00% 100.00%
airpde 0.05 5 32 1.00 101888.2285 269.1133 101880.2295 0.0000 0.00% 100.00%
airpde 0.05 5 32 10.00 101925.3516 189.5050 101921.1699 0.0000 0.00% 100.00%
airpde 0.05 5 32 20.00 101916.6006 298.4022 101907.8047 0.0000 0.00% 100.00%
airpde 0.05 5 32 20.00 101916.6006 298.4022 101907.8047 0.0000 0.00% 100.00%
airpde 0.05 5 32 20.00 101939.0791 180.1485 101932.9072 0.0000 0.00% 100.00%
airpde 0.05 5 32 20.00 101916.6006 298.4022 101907.8047 0.0000 0.00% 100.00%
airpde 0.05 5 32 10.00 101925.3516 189.5050 101921.1699 0.0000 0.00% 100.00%
airpde 0.05 5 32 1.00 101888.2285 269.1133 101880.2295 0.0000 0.00% 100.00%
airpde 0.05 5 32 1.00 101888.2285 269.1133 101880.2295 0.0000 0.00% 100.00%
airpde 0.05 5 32 1.00 101928.8066 138.4379 101924.0840 0.0000 0.00% 100.00%
airpde 0.05 5 32 1.00 101904.0889 240.5926 101897.3340 0.0000 0.00% 100.00%
airpde 0.05 5 32 1.00 101933.9600 201.6831 101928.5781 0.0000 0.00% 100.00%
airpde 0.05 5 32 1.00 101933.9600 201.6831 101928.5781 0.0000 0.00% 100.00%
airpde 0.05 5 32 1.00 101928.8066 138.4379 101924.0840 0.0000 0.00% 100.00%
airpde 0.05 5 32 0.00 101929.4639 130.4803 101925.5635 0.0000 0.00% 100.00%
airpde 0.05 5 32 0.00 101917.3574 230.0566 101911.0459 0.0000 0.00% 100.00%
airpde 0.05 5 32 0.00 101917.3574 230.0566 101911.0459 0.0000 0.00% 100.00%
airpde 0.05 5 32 0.00 101929.4639 130.4803 101925.5635 0.0000 0.00% 100.00%
airpde 0.05 5 32 1.00 101928.8066 138.4379 101924.0840 0.0000 0.00% 100.00%
airpde 0.05 5 32 1.00 101888.2285 269.1133 101880.2295 0.0000 0.00% 100.00%
airpde 0.05 5 32 1.00 101935.0713 138.8445 101930.3174 0.0000 0.00% 100.00%
airpde 0.05 5 32 1.00 101927.6787 137.9699 101923.6787 0.0000 0.00% 100.00%
airpde 0.05 5 32 1.00 101927.6787 137.9699 101923.6787 0.0000 0.00% 100.00%
airpde 0.05 5 32 1.00 101906.4082 280.6421 101898.2510 0.0000 0.00% 100.00%
airpde 0.05 5 32 1.00 101919.8887 268.4849 101912.1660 0.0000 0.00% 100.00%
airpde 0.05 5 32 1.00 101921.4609 275.7783 101913.4941 0.0000 0.00% 100.00%
airpde 0.05 5 32 1.00 101921.4609 275.7783 101913.4941 0.0000 0.00% 100.00%
airpde 0.05 5 32 1.00 101976.7793 142.7614 101971.9805 0.0000 0.00% 100.00%
airpde 0.05 5 32 1.00 101888.2285 269.1133 101880.2295 0.0000 0.00% 100.00%
airpde 0.05 5 32 1.00 101888.2285 269.1133 101880.2295 0.0000 0.00% 100.00%
airpde 0.05 5 32 1.00 101944.7471 175.5101 101940.2783 0.0000 0.00% 100.00%
airpde 0.05 5 32 1.00 101917.2080 0.0000 101917.2080 0.0000 100.00% 100.00%
airpde 0.05 5 32 1.00 101855.8428 264.7405 101850.4492 0.0000 0.00% 100.00%
airpde 0.05 5 32 1.00 101888.2285 269.1133 101880.2295 0.0000 0.00% 100.00%
airpde 0.05 5 32 1.00 101888.2285 269.1133 101880.2295 0.0000 0.00% 100.00%
airpde 0.05 5 32 1.00 101888.2285 269.1133 101880.2295 0.0000 0.00% 100.00%
airpde 0.05 5 32 1.00 101867.4648 0.0000 101867.4648 0.0000 100.00% 100.00%
airpde 0.05 5 32 1.00 101889.6016 149.2967 101885.1406 0.0000 0.00% 100.00%
airpde 0.05 5 32 1.00 101867.4648 0.0000 101867.4648 0.0000 100.00% 100.00%
airpde 0.05 5 32 1.00 101851.1055 1.8071 101851.0986 0.0000 0.00% 100.00%
airpde 0.05 5 32 1.00 101924.9502 90.3994 101922.6719 0.0000 0.00% 100.00%
airpde 0.05 5 32 1.00 101813.7285 433.5700 101799.5693 0.0000 0.00% 100.00%
airpde 0.05 5 32 1.00 102005.5078 106.8585 102002.5449 0.0000 0.00% 100.00%
airpde 0.05 5 32 1.00 101945.8975 413.9804 101932.1748 0.0000 0.00% 100.00%
airpde 0.05 5 32 1.00 101884.6270 444.6476 101869.5566 0.0000 0.00% 100.00%
airpde 0.05 5 32 1.00 101921.3623 62.2133 101920.8271 0.0000 0.00% 100.00%
airpde 0.05 5 32 1.00 101830.3125 84.8403 101828.4668 0.0000 0.00% 100.00%
airpde 0.05 5 32 1.00 101838.4570 72.3448 101838.0244 0.0000 0.00% 100.00%
airpde 0.05 5 32 1.00 101813.7285 433.5700 101799.5693 0.0000 0.00% 100.00%
airpde 0.05 5 32 1.00 101855.6914 376.3218 101842.6875 0.0000 0.00% 100.00%
airpde 0.05 5 32 1.00 101855.6914 376.3218 101842.6875 0.0000 0.00% 100.00%
airpde 0.05 5 32 1.00 101813.7285 433.5700 101799.5693 0.0000 0.00% 100.00%
airpde 0.05 5 32 1.00 101919.0400 205.4469 101913.6504 0.0000 0.00% 100.00%
airpde 0.05 5 32 1.00 101885.7168 251.8129 101877.1865 0.0000 0.00% 100.00%
airpde 0.05 5 32 1.00 101928.9287 111.3999 101926.6787 0.0000 0.00% 100.00%
airpde 0.05 5 32 1.00 101907.8789 199.6917 101902.6396 0.0000 0.00% 100.00%
airpde 0.05 5 32 1.00 101919.0400 205.4469 101913.6504 0.0000 0.00% 100.00%
airpde 0.05 5 32 1.00 101934.6367 81.1742 101932.1094 0.0000 0.00% 100.00%
airpde 0.05 5 32 1.00 101885.7168 251.8129 101877.1865 0.0000 0.00% 100.00%
airpde 0.05 5 32 1.00 101913.2080 332.3048 101902.4111 0.0000 0.00% 100.00%
airpde 0.05 5 32 1.00 101902.0986 237.9597 101894.0264 0.0000 0.00% 100.00%
airpde 0.05 5 32 1.00 101876.5420 279.6258 101867.0938 0.0000 0.00% 100.00%
airpde 0.05 5 32 1.00 101899.8623 273.9194 101892.0029 0.0000 0.00% 100.00%
airpde 0.05 5 32 1.00 101876.5420 279.6258 101867.0938 0.0000 0.00% 100.00%
airpde 0.05 5 32 1.00 101890.2588 134.8117 101885.7129 0.0000 0.00% 100.00%
airpde 0.05 5 32 1.00 101915.8525 336.5326 101905.4756 0.0000 0.00% 100.00%
airpde 0.05 5 32 1.00 101938.3008 179.9532 101932.1045 0.0000 0.00% 100.00%
airpde 0.05 5 32 1.00 101885.7168 251.8129 101877.1865 0.0000 0.00% 100.00%
airpde 0.05 5 32 1.00 101919.0400 205.4469 101913.6504 0.0000 0.00% 100.00%
airpde 0.05 5 32 1.00 101885.3281 227.9480 101877.6016 0.0000 0.00% 100.00%
airpde 0.05 5 32 1.00 101885.7168 251.8129 101877.1865 0.0000 0.00% 100.00%
airpde 0.05 5 32 1.00 101885.7168 251.8129 101877.1865 0.0000 0.00% 100.00%
airpde 0.05 5 32 1.00 101926.5186 336.6841 101915.4678 0.0000 0.00% 100.00%
airpde 0.05 5 32 1.00 101921.6777 130.5788 101917.5254 0.0000 0.00% 100.00%
airpde 0.05 5 32 1.00 101841.5977 163.7773 101836.2256 0.0000 0.00% 100.00%
airpde 0.05 5 32 1.00 101896.7744 165.4180 101891.1904 0.0000 0.00% 100.00%
airpde 0.05 5 32 1.00 101969.3486 490.7677 101953.3262 0.0000 0.00% 100.00%
airpde 0.10 5 32 1.00 101943.8457 239.6702 101936.5352 0.0000 0.00% 100.00%
airpde 0.10 5 32 1.00 101905.2393 249.3900 101897.6113 0.0000 0.00% 100.00%
airpde 0.10 5 32 1.00 101848.3906 251.9776 101840.5049 0.0000 0.00% 100.00%
airpde 0.10 5 32 1.00 101976.2373 42.5339 101975.3701 0.0000 0.00% 100.00%
airpde 0.10 5 32 1.00 101842.7275 217.5229 101835.7617 0.0000 0.00% 100.00%
airpde 0.10 5 32 1.00 101908.7773 178.9512 101905.1016 0.0000 0.00% 100.00%
airpde 0.10 5 32 1.00 101848.3906 251.9776 101840.5049 0.0000 0.00% 100.00%
airpde 0.10 5 32 1.00 101976.2373 42.5339 101975.3701 0.0000 0.00% 100.00%
airpde 0.10 5 32 1.00 101842.7275 217.5229 101835.7617 0.0000 0.00% 100.00%
airpde 0.10 5 32 1.00 101880.4951 374.2305 101869.9785 0.0000 0.00% 100.00%
airpde 0.10 5 32 1.00 101848.3906 251.9776 101840.5049 0.0000 0.00% 100.00%
airpde 0.10 5 32 1.00 101943.8457 239.6702 101936.5352 0.0000 0.00% 100.00%
airpde 0.10 5 32 1.00 101943.8457 239.6702 101936.5352 0.0000 0.00% 100.00%
airpde 0.10 5 32 1.00 101842.7275 217.5229 101835.7617 0.0000 0.00% 100.00%
airpde 0.10 5 32 1.00 101880.4951 374.2305 101869.9785 0.0000 0.00% 100.00%
airpde 0.10 5 32 1.00 101929.0986 214.7582 101921.8271 0.0000 0.00% 100.00%
airpde 0.10 5 32 1.00 101931.8867 215.8162 101927.6494 0.0000 0.00% 100.00%
airpde 0.10 5 32 1.00 101944.0166 161.5048 101938.6182 0.0000 0.00% 100.00%
airpde 0.10 5 32 1.00 101842.7275 217.5229 101835.7617 0.0000 0.00% 100.00%
airpde 0.10 5 32 1.00 101851.0117 222.6967 101845.7490 0.0000 0.00% 100.00%
airpde 0.10 5 32 1.00 101936.3672 272.1306 101927.9551 0.0000 0.00% 100.00%
airpde 0.10 5 32 1.00 101936.3672 272.1306 101927.9551 0.0000 0.00% 100.00%
airpde 0.10 5 32 1.00 101851.0117 222.6967 101845.7490 0.0000 0.00% 100.00%
airpde 0.10 5 32 1.00 101902.2910 295.8710 101895.8232 0.0000 0.00% 100.00%
airpde 0.10 5 32 1.00 101868.4951 457.6890 101859.5322 0.0000 0.00% 100.00%
airpde 0.10 5 32 1.00 101931.8867 215.8162 101927.6494 0.0000 0.00% 100.00%
airpde 0.10 5 32 1.00 101936.5195 137.4804 101934.4102 0.0000 0.00% 100.00%
airpde 0.10 5 32 1.00 95270.0908 0.0000 95270.0908 0.0000 100.00% 100.00%
airpde 0.10 5 32 1.00 95798.3779 0.0000 95798.3779 0.0000 100.00% 100.00%
airpde 0.10 5 32 1.00 101936.3672 272.1306 101927.9551 0.0000 0.00% 100.00%
airpde 0.10 5 32 1.00 89048.5786 0.0000 89048.5786 0.0000 100.00% 100.00%
airpde 0.10 5 32 1.00 92125.7441 0.0000 92125.7441 0.0000 100.00% 100.00%
airpde 0.10 5 32 1.00 99266.3301 0.0000 99266.3301 0.0000 100.00% 100.00%
airpde 0.10 5 32 1.00 63861.4731 0.0000 63861.4731 0.0000 100.00% 100.00%
airpde 0.10 5 32 1.00 101936.3672 272.1306 101927.9551 0.0000 0.00% 100.00%
airpde 0.10 5 32 10.00 72172.6479 0.0000 72172.6479 0.0000 100.00% 100.00%
airpde 0.10 5 32 1.00 63861.4731 0.0000 63861.4731 0.0000 100.00% 100.00%
airpde 0.10 5 32 1.00 63861.4731 0.0000 63861.4731 0.0000 100.00% 100.00%
airpde 0.10 5 32 1.00 101936.3672 272.1306 101927.9551 0.0000 0.00% 100.00%
airpde 0.10 5 32 1.00 63861.4731 0.0000 63861.4731 0.0000 100.00% 100.00%
airpde 0.10 5 32 1.00 77781.4009 0.0000 77781.4009 0.0000 100.00% 100.00%
airpde 0.10 5 32 1.00 59296.8345 0.0000 59296.8345 0.0000 100.00% 100.00%
airpde 0.05 5 32 1.00 64281.4058 0.0000 64281.4058 0.0000 100.00% 100.00%
airpde 0.05 5 32 1.00 68484.3276 0.0000 68484.3276 0.0000 100.00% 100.00%
airpde 0.05 5 32 1.00 86782.2827 0.0000 86782.2827 0.0000 100.00% 100.00%
airpde 0.05 5 32 1.00 57132.2739 1804.5381 57121.4351 0.0000 40.00% 100.00%
airpde 0.10 5 32 1.00 64974.8774 0.0000 64974.8774 0.0000 100.00% 100.00%
airpde 0.10 5 32 1.00 58099.0229 0.0000 58099.0229 0.0000 100.00% 100.00%
airpde 0.10 5 32 1.00 101885.8525 270.1545 101876.6562 0.0000 0.00% 100.00%
airpde 0.10 5 32 1.00 78264.8423 0.0000 78264.8423 0.0000 100.00% 100.00%
airpde 0.10 5 32 1.00 84581.6807 0.0000 84581.6807 0.0000 100.00% 100.00%
airpde 0.10 5 32 1.00 84789.8027 0.0000 84789.8027 0.0000 100.00% 100.00%
airpde 0.10 5 32 1.00 77948.4131 0.0000 77948.4131 0.0000 100.00% 100.00%
airpde 0.10 5 32 1.00 78264.8423 0.0000 78264.8423 0.0000 100.00% 100.00%
airpde 0.10 5 32 0.10 77896.4600 0.0000 77896.4600 0.0000 100.00% 100.00%
airpde 0.10 5 32 0.10 74510.9888 0.0000 74510.9888 0.0000 100.00% 100.00%
airpde 0.10 5 32 0.00 76333.3062 0.0000 76333.3062 0.0000 100.00% 100.00%
airpde 0.10 5 32 1.00 77719.1270 0.0000 77719.1270 0.0000 100.00% 100.00%
airpde 0.10 5 32 1.00 101943.8457 239.6702 101936.5352 0.0000 0.00% 100.00%
airpde 0.10 5 32 1.00 77719.1270 0.0000 77719.1270 0.0000 100.00% 100.00%
airpde 0.10 5 32 1.00 77719.1270 0.0000 77719.1270 0.0000 100.00% 100.00%
airpde 0.10 5 32 1.00 77067.5161 0.0000 77067.5161 0.0000 100.00% 100.00%
airpde 0.10 5 32 1.00 59296.8345 0.0000 59296.8345 0.0000 100.00% 100.00%
airpde 0.10 5 32 1.00 101936.3672 272.1306 101927.9551 0.0000 0.00% 100.00%
airpde 0.10 5 32 1.00 59296.8345 0.0000 59296.8345 0.0000 100.00% 100.00%
airpde 0.10 5 32 1.00 60617.6641 0.0000 60617.6641 0.0000 100.00% 100.00%
airpde 0.10 5 32 1.00 59559.0723 0.0000 59559.0723 0.0000 100.00% 100.00%
airpde 0.10 5 32 1.00 60128.6099 0.0000 60128.6099 0.0000 100.00% 100.00%
airpde 0.10 5 32 1.00 66971.0337 0.0000 66971.0337 0.0000 100.00% 100.00%
airpde 0.10 5 32 1.00 101945.3984 703.2710 101922.1299 0.0000 0.00% 100.00%
airpde 0.10 5 32 1.00 60128.6099 0.0000 60128.6099 0.0000 100.00% 100.00%
airpde 0.10 5 32 1.00 57667.1460 0.0000 57667.1460 0.0000 100.00% 100.00%
airpde 0.10 5 32 1.00 68887.4873 0.0000 68887.4873 0.0000 100.00% 100.00%
airpde 0.10 5 32 1.00 56958.8916 0.0000 56958.8916 0.0000 100.00% 100.00%
airpde 0.10 5 32 1.00 62675.7397 0.0000 62675.7397 0.0000 100.00% 100.00%
airpde 0.10 5 32 1.00 58495.5718 0.0000 58495.5718 0.0000 100.00% 100.00%
airpde 0.10 5 32 1.00 65855.1108 0.0000 65855.1108 0.0000 100.00% 100.00%
airpde 0.10 5 32 1.00 73433.5532 0.0000 73433.5532 0.0000 100.00% 100.00%
airpde 0.10 5 32 1.00 61809.7314 0.0000 61809.7314 0.0000 100.00% 100.00%
