airpde1 0.10 5 32 1.00 60527.5078 5167.0780 60607.7144 0.0000 0.00% 100.00%
airpde1 0.10 5 32 1.00 60527.5078 5167.0780 60607.7144 0.0000 0.00% 100.00%
airpde1 0.10 5 32 1.00 101949.2510 10224.4285 101556.4287 0.0000 0.00% 100.00%
airpde1 0.10 5 32 1.00 101949.2510 10224.4285 101556.4287 0.0000 0.00% 100.00%
airpde1 0.10 5 32 1.00 60527.5078 5167.0780 60607.7144 0.0000 0.00% 100.00%
airpde1 0.10 5 32 0.00 63151.3760 0.0000 63151.3760 0.0000 100.00% 100.00%
airpde1 0.10 5 32 1.00 61764.3330 2326.9973 62102.4722 0.0000 0.00% 100.00%
airpde1 0.10 5 32 1.00 63513.4756 0.0000 63513.4756 0.0000 100.00% 100.00%
airpde1 0.10 5 32 1.00 61132.2710 17590.0779 66856.3345 0.0000 0.00% 100.00%
airpde1 0.10 5 32 1.00 61132.2710 17590.0779 66856.3345 0.0000 0.00% 100.00%
airpde1 0.10 5 32 1.00 61132.2710 17590.0779 66856.3345 0.0000 0.00% 100.00%
airpde1 0.10 5 32 1.00 58853.7710 20139.9418 59271.2305 0.0000 0.00% 100.00%
airpde1 0.10 5 4 1.00 64881.4424 16254.9163 65263.2661 0.0000 0.00% 100.00%
airpde1 0.10 5 2 1.00 61794.5522 18990.2075 62039.6821 0.0000 0.00% 100.00%
airpde1 0.10 5 3 1.00 63812.9028 1274.6861 63816.6196 0.0000 0.00% 100.00%
airpde1 0.10 5 5 1.00 62976.3984 0.0000 62976.3984 0.0000 100.00% 100.00%
airpde1 0.10 5 5 1.00 62976.3984 0.0000 62976.3984 0.0000 100.00% 100.00%
airpde1 0.10 5 5 1.00 62976.3984 0.0000 62976.3984 0.0000 100.00% 100.00%
airpde1 0.10 5 5 1.00 70255.8389 17853.1965 70255.8389 17853.1965 0.00% 0.00%
airpde1 0.10 5 32 1.00 62562.9199 9504.9912 62562.9199 9504.9912 0.00% 0.00%
airpde1 0.10 5 32 1.00 62562.9199 9504.9912 62562.9199 9504.9912 0.00% 0.00%
airpde1 0.10 5 32 1.00 60451.0068 4237.1990 60451.0068 4237.1990 0.00% 0.00%
airpde1 0.10 5 32 1.00 60690.5942 4836.0017 60690.5942 4836.0017 0.00% 0.00%
airpde1 0.10 5 32 1.00 60690.5942 4836.0017 60690.5942 4836.0017 0.00% 0.00%
airpde1 0.10 5 32 10.00 60098.0293 3080.6962 60098.0293 3080.6962 0.00% 0.00%
airpde1 0.10 5 32 1.00 60690.5942 4836.0017 60690.5942 4836.0017 0.00% 0.00%
airpde1 0.10 5 32 1.00 60690.5942 4836.0017 60690.5942 4836.0017 0.00% 0.00%
airpde1 0.10 5 32 1.00 60690.5942 4836.0017 60690.5942 4836.0017 0.00% 0.00%
airpde1 0.10 5 32 1.00 62055.6411 8313.0796 62055.6411 8313.0796 0.00% 0.00%
airpde1 0.10 5 32 1.00 62055.6411 0.0000 62055.6411 0.0000 100.00% 100.00%
airpde1 0.10 5 32 1.00 62562.9199 0.0000 62562.9199 0.0000 100.00% 100.00%
airpde1 0.10 5 32 1.00 61709.9771 0.0000 61709.9771 0.0000 100.00% 100.00%
airpde1 0.10 5 32 1.00 60690.5942 0.0000 60690.5942 0.0000 100.00% 100.00%
airpde1 0.10 5 32 1.00 60588.2520 0.0000 60588.2520 0.0000 100.00% 100.00%
airpde1 0.10 5 32 10.00 63458.7734 0.0000 63458.7734 0.0000 100.00% 100.00%
airpde1 0.10 5 32 10.00 101949.2197 0.0000 102101.4189 0.0000 100.00% 100.00%
airpde1 0.10 5 32 1.00 101958.0986 0.0000 102125.6357 0.0000 100.00% 100.00%
airpde1 0.10 5 32 1.00 58600.4058 0.0000 88014.7632 0.0000 100.00% 100.00%
airpde1 0.10 5 32 1.00 61170.3701 3887.6330 62068.5054 0.0000 0.00% 100.00%
airpde1 0.10 5 32 1.00 61170.3701 3887.6330 62068.5054 0.0000 0.00% 100.00%
airpde1 0.10 5 32 1.00 63145.7300 0.0000 63145.7300 0.0000 100.00% 100.00%
airpde1 0.10 5 32 1.00 61823.0918 0.0000 61823.0918 0.0000 100.00% 100.00%
airpde1 0.10 5 32 1.00 39041.8323 343.7748 39042.2715 0.0000 0.00% 100.00%
airpde1 0.10 5 32 1.00 39041.8323 343.7748 39042.2715 0.0000 0.00% 100.00%
airpde1 0.10 5 2 1.00 39041.8323 343.7748 39042.2715 0.0000 0.00% 100.00%
airpde1 0.10 5 32 1.00 63858.5658 974.9102 63705.8754 0.0000 0.00% 100.00%
airpde1 0.10 5 32 1.00 63869.6638 914.2657 63712.7114 0.0000 0.00% 100.00%
airpde1 0.10 5 32 1.00 63869.6403 914.5624 63712.6756 0.0000 0.00% 100.00%
airpde1 0.10 5 32 1.00 63869.6403 914.5624 63712.6756 0.0000 0.00% 100.00%
airpde1 0.10 5 32 1.00 63870.5337 985.1123 63709.7469 0.0000 0.00% 100.00%
airpde1 0.10 5 32 1.00 63870.8256 963.5198 63718.4592 0.0000 0.00% 100.00%
airpde1 0.10 5 32 1.00 63859.1531 976.4866 63700.2217 0.0000 0.00% 100.00%
airpde1 0.10 5 32 1.00 63866.7190 985.5488 63711.8843 0.0000 0.00% 100.00%
airpde1 0.10 5 32 1.00 63858.2809 937.8895 63701.8106 0.0000 0.00% 100.00%
airpde1 0.10 5 32 1.00 63878.2914 1078.7978 63711.2720 0.0000 0.00% 100.00%
airpde1 0.10 5 32 1.00 63847.7106 1041.0704 63872.9558 0.0000 0.00% 100.00%
airpde1 0.10 5 32 1.00 63869.0559 10353.7884 56612.6776 0.0000 0.00% 100.00%
airpde1 0.10 5 32 1.00 63869.0559 10353.7884 56612.6776 0.0000 0.00% 100.00%
airpde1 0.10 5 32 1.00 39136.1860 19985.6897 40989.0460 0.0000 0.00% 100.00%
airpde1 0.10 5 32 1.00 39013.2379 5816.4814 39268.2159 0.0000 0.00% 100.00%
airpde1 0.10 5 32 1.00 39013.2379 5816.4814 39268.2159 0.0000 0.00% 100.00%
airpde1 0.10 5 32 1.00 39013.2379 5816.4814 39268.2159 0.0000 0.00% 100.00%
airpde1 0.10 5 32 1.00 39013.2379 5816.4814 39268.2159 0.0000 0.00% 100.00%
airpde1 0.10 5 32 1.00 63870.5337 985.1123 63709.7469 0.0000 0.00% 100.00%
airpde1 0.10 5 32 1.00 63856.0532 10355.5287 56616.8500 0.0000 0.00% 100.00%
airpde1 0.10 5 32 1.00 63858.9180 5623.8284 60052.2904 0.0000 0.00% 100.00%
airpde1 0.10 5 32 1.00 39013.2379 5816.4814 39268.2159 0.0000 0.00% 100.00%
airpde1 0.10 5 3 1.00 39013.2379 5816.4814 39268.2159 0.0000 0.00% 100.00%
airpde1 0.10 5 5 1.00 39013.2379 5816.4814 39268.2159 0.0000 0.00% 100.00%
airpde1 0.10 5 5 1.00 39603.3851 15164.6810 39268.2159 0.0000 0.00% 100.00%
airpde1 0.10 5 32 1.00 63858.9180 5623.8284 60052.2904 0.0000 0.00% 100.00%
airpde1 0.10 5 32 1.00 63858.9180 5623.8284 60052.2904 0.0000 0.00% 100.00%
airpde1 0.10 5 3 1.00 63858.9180 5623.8284 60052.2904 0.0000 0.00% 100.00%
airpde1 0.10 5 3 1.00 63858.9180 5623.8284 60052.2904 0.0000 0.00% 100.00%
airpde1 0.10 5 5 1.00 39603.3851 15164.6810 39268.2159 0.0000 0.00% 100.00%
airpde1 0.01 5 32 0.00 41229.8412 0.0000 41229.8412 0.0000 100.00% 100.00%
airpde1 0.01 5 32 1.00 42096.9470 0.0000 42096.9470 0.0000 100.00% 100.00%
airpde1 0.10 5 32 1.00 39013.2379 5816.4814 39268.2159 0.0000 0.00% 100.00%
airpde1 0.10 5 32 0.00 39017.2242 7835.8373 39268.2159 0.0000 0.00% 100.00%
airpde1 0.10 5 32 0.00 39150.2115 3252.9720 39270.4767 0.0000 0.00% 100.00%
airpde1 0.10 5 32 1.00 39603.3851 15164.6810 39268.2159 0.0000 0.00% 100.00%
airpde1 0.10 5 32 0.00 39026.1387 5664.6446 39268.2159 0.0000 0.00% 100.00%
airpde1 0.10 5 32 0.00 39017.2242 7835.8373 39268.2159 0.0000 0.00% 100.00%
airpde1 0.10 5 32 1.00 39013.2379 5816.4814 39268.2159 0.0000 0.00% 100.00%
airpde1 0.10 5 32 1.00 39013.2379 5816.4814 39268.2159 0.0000 0.00% 100.00%
airpde1 0.10 5 4 1.00 39013.2379 5816.4814 39268.2159 0.0000 0.00% 100.00%
airpde1 0.10 5 1 1.00 39013.2379 5816.4814 39268.2159 0.0000 0.00% 100.00%
airpde1 0.10 5 7 1.00 39013.2379 5816.4814 39268.2159 0.0000 0.00% 100.00%
airpde1 0.10 5 7 1.00 39013.2379 5816.4814 39268.2159 0.0000 0.00% 100.00%
airpde1 0.10 5 7 0.00 39017.2242 7835.8373 39268.2159 0.0000 0.00% 100.00%
airpde1 0.10 5 7 0.00 39150.2115 3252.9720 39270.4767 0.0000 0.00% 100.00%
airpde1 0.10 5 32 0.00 39150.2115 3252.9720 39270.4767 0.0000 0.00% 100.00%
airpde1 0.10 5 32 0.00 44001.6603 0.0000 44001.6603 0.0000 100.00% 100.00%
